>GGCGCGGCGCCG	6-GGCGCGGCGCCG	10.957408	-658.425009	0	T:350.0(1.36%),B:2.9(0.12%),P:1e-285
0.041	0.042	0.915	0.002
0.073	0.192	0.466	0.269
0.022	0.464	0.207	0.306
0.001	0.048	0.950	0.001
0.008	0.685	0.304	0.003
0.035	0.058	0.894	0.013
0.001	0.092	0.906	0.001
0.071	0.815	0.082	0.032
0.001	0.029	0.954	0.016
0.003	0.740	0.256	0.001
0.011	0.631	0.309	0.049
0.001	0.032	0.961	0.006
