>ACATGCCCGGGCAT	p53(p53)/mES-cMyc-ChIP-Seq(GSE11431)/Homer	11.048114	-18.563214	0	T:34.0(0.13%),B:1.0(0.04%),P:1e-8
0.592	0.006	0.328	0.074
0.006	0.958	0.035	0.001
0.741	0.066	0.063	0.130
0.214	0.031	0.092	0.663
0.001	0.004	0.994	0.001
0.001	0.855	0.022	0.122
0.015	0.962	0.001	0.022
0.024	0.724	0.016	0.236
0.246	0.022	0.686	0.046
0.012	0.006	0.978	0.004
0.117	0.018	0.864	0.001
0.006	0.992	0.001	0.001
0.725	0.088	0.058	0.129
0.166	0.086	0.186	0.562
