>CTCCCTGGGAGGCCN	GLIS3(Zf)/Thyroid-Glis3.GFP-ChIP-Seq(GSE103297)/Homer	6.234477	-128.254807	0	T:4768.0(18.54%),B:362.9(14.96%),P:1e-55
0.105	0.613	0.257	0.025
0.198	0.176	0.152	0.474
0.028	0.669	0.147	0.156
0.066	0.570	0.001	0.363
0.001	0.727	0.267	0.005
0.062	0.386	0.001	0.551
0.312	0.001	0.628	0.059
0.001	0.001	0.900	0.098
0.001	0.001	0.997	0.001
0.525	0.001	0.276	0.198
0.001	0.001	0.997	0.001
0.155	0.001	0.808	0.036
0.001	0.462	0.238	0.299
0.238	0.527	0.143	0.092
0.252	0.193	0.250	0.305
