>GGTCACCTGAGGTCA	THRb(NR)/HepG2-THRb.Flag-ChIP-Seq(Encode)/Homer	7.165668	-64.319377	0	T:1638.0(6.37%),B:117.9(4.86%),P:1e-27
0.059	0.001	0.847	0.093
0.005	0.015	0.886	0.094
0.030	0.167	0.158	0.645
0.025	0.792	0.099	0.084
0.808	0.039	0.069	0.084
0.089	0.446	0.264	0.202
0.182	0.478	0.168	0.173
0.110	0.278	0.039	0.573
0.150	0.202	0.628	0.020
0.697	0.010	0.273	0.020
0.001	0.001	0.997	0.001
0.005	0.015	0.955	0.025
0.242	0.155	0.120	0.483
0.025	0.798	0.128	0.049
0.858	0.039	0.059	0.044
