>WAVTCACCMTAASYDAAAAG	PSE(SNAPc)/K562-mStart-Seq/Homer	7.054905	-21.686228	0	T:831.0(3.23%),B:63.9(2.63%),P:1e-9
0.346	0.154	0.192	0.308
0.589	0.090	0.179	0.142
0.269	0.296	0.320	0.115
0.090	0.282	0.089	0.539
0.168	0.513	0.077	0.242
0.769	0.026	0.204	0.001
0.102	0.782	0.001	0.115
0.064	0.859	0.001	0.076
0.474	0.449	0.051	0.026
0.038	0.218	0.026	0.718
0.562	0.142	0.167	0.129
0.769	0.039	0.077	0.115
0.051	0.321	0.410	0.218
0.026	0.448	0.102	0.424
0.320	0.115	0.219	0.346
0.500	0.026	0.142	0.333
0.655	0.102	0.102	0.141
0.693	0.216	0.026	0.065
0.448	0.128	0.129	0.295
0.309	0.038	0.589	0.064
