>SGTCGCCG	1-SGTCGCCG	8.105545	-1346.076212	0	T:474.0(1.84%),B:1.6(0.06%),P:1e-584	Tpos:103.5,Tstd:55.1,Bpos:95.5,Bstd:1.7,StrandBias:0.0,Multiplicity:1.05
0.061	0.358	0.387	0.194
0.015	0.001	0.983	0.001
0.001	0.001	0.001	0.997
0.195	0.610	0.002	0.193
0.033	0.001	0.964	0.002
0.122	0.784	0.053	0.041
0.007	0.747	0.205	0.041
0.053	0.387	0.553	0.007
>GGAAGTGG	2-GGAAGTGG	5.236799	-1070.347383	0	T:13351.0(51.91%),B:915.5(37.73%),P:1e-464	Tpos:100.3,Tstd:52.6,Bpos:98.5,Bstd:65.2,StrandBias:-0.0,Multiplicity:1.51
0.113	0.001	0.692	0.194
0.013	0.128	0.858	0.001
0.651	0.001	0.172	0.176
0.549	0.124	0.085	0.242
0.001	0.106	0.892	0.001
0.062	0.075	0.015	0.848
0.199	0.001	0.624	0.176
0.001	0.166	0.727	0.106
>AGGGGGCA	3-AGGGGGCA	5.132580	-923.268632	0	T:9353.0(36.37%),B:591.6(24.38%),P:1e-400	Tpos:100.0,Tstd:50.6,Bpos:101.6,Bstd:73.1,StrandBias:-0.0,Multiplicity:1.28
0.755	0.129	0.049	0.067
0.119	0.065	0.787	0.029
0.090	0.082	0.690	0.138
0.095	0.137	0.727	0.041
0.057	0.082	0.800	0.061
0.104	0.065	0.796	0.035
0.063	0.716	0.120	0.101
0.728	0.088	0.112	0.072
>CGGCCCGG	4-CGGCCCGG	8.258100	-854.907725	0	T:792.0(3.08%),B:11.8(0.49%),P:1e-371	Tpos:100.5,Tstd:56.6,Bpos:90.2,Bstd:17.1,StrandBias:0.1,Multiplicity:1.05
0.001	0.997	0.001	0.001
0.001	0.001	0.997	0.001
0.001	0.001	0.997	0.001
0.001	0.693	0.305	0.001
0.107	0.891	0.001	0.001
0.001	0.997	0.001	0.001
0.001	0.001	0.904	0.094
0.001	0.001	0.889	0.109
>CGCTCGCG	5-CGCTCGCG	7.499444	-779.865734	0	T:1873.0(7.28%),B:62.9(2.59%),P:1e-338	Tpos:99.7,Tstd:50.1,Bpos:102.2,Bstd:70.4,StrandBias:0.0,Multiplicity:1.16
0.173	0.825	0.001	0.001
0.044	0.001	0.954	0.001
0.001	0.908	0.090	0.001
0.093	0.045	0.049	0.813
0.007	0.897	0.083	0.013
0.041	0.001	0.888	0.070
0.029	0.969	0.001	0.001
0.120	0.085	0.780	0.015
>CGTCACGT	6-CGTCACGT	7.154777	-654.691602	0	T:1164.0(4.53%),B:31.2(1.28%),P:1e-284	Tpos:99.6,Tstd:45.8,Bpos:122.7,Bstd:56.5,StrandBias:-0.1,Multiplicity:1.08
0.072	0.777	0.034	0.117
0.118	0.091	0.728	0.063
0.011	0.001	0.051	0.937
0.001	0.949	0.048	0.002
0.987	0.011	0.001	0.001
0.001	0.950	0.048	0.001
0.001	0.009	0.956	0.034
0.108	0.011	0.085	0.796
>CTTTGATG	7-CTTTGATG	8.236954	-602.649082	0	T:330.0(1.28%),B:2.8(0.12%),P:1e-261	Tpos:105.9,Tstd:49.2,Bpos:92.2,Bstd:47.3,StrandBias:0.1,Multiplicity:1.02
0.100	0.700	0.100	0.100
0.100	0.100	0.100	0.700
0.100	0.100	0.100	0.700
0.100	0.100	0.100	0.700
0.100	0.100	0.700	0.100
0.700	0.100	0.100	0.100
0.100	0.100	0.100	0.700
0.100	0.100	0.700	0.100
>AGCGCGCG	8-AGCGCGCG	9.824528	-590.913486	0	T:591.0(2.30%),B:9.2(0.38%),P:1e-256	Tpos:100.7,Tstd:49.3,Bpos:83.0,Bstd:60.4,StrandBias:0.1,Multiplicity:1.04
0.997	0.001	0.001	0.001
0.001	0.001	0.997	0.001
0.001	0.997	0.001	0.001
0.001	0.001	0.997	0.001
0.001	0.710	0.001	0.288
0.001	0.001	0.997	0.001
0.001	0.997	0.001	0.001
0.001	0.001	0.997	0.001
>CGRCGTAA	9-CGRCGTAA	8.915364	-586.152063	0	T:324.0(1.26%),B:2.5(0.10%),P:1e-254	Tpos:95.4,Tstd:47.4,Bpos:114.0,Bstd:0.0,StrandBias:0.0,Multiplicity:1.02
0.001	0.997	0.001	0.001
0.001	0.001	0.997	0.001
0.497	0.001	0.501	0.001
0.001	0.997	0.001	0.001
0.001	0.001	0.997	0.001
0.001	0.001	0.357	0.641
0.997	0.001	0.001	0.001
0.650	0.001	0.001	0.348
>GCCTCCTC	10-GCCTCCTC	8.195517	-580.076635	0	T:2161.0(8.40%),B:91.7(3.78%),P:1e-251	Tpos:100.1,Tstd:56.4,Bpos:100.5,Bstd:62.3,StrandBias:0.0,Multiplicity:1.28
0.001	0.001	0.790	0.208
0.001	0.902	0.001	0.096
0.001	0.997	0.001	0.001
0.001	0.001	0.001	0.997
0.164	0.834	0.001	0.001
0.113	0.885	0.001	0.001
0.001	0.001	0.001	0.997
0.001	0.997	0.001	0.001
>CGCGGCGA	11-CGCGGCGA	8.531541	-568.098708	0	T:448.0(1.74%),B:5.2(0.22%),P:1e-246	Tpos:96.4,Tstd:54.8,Bpos:68.9,Bstd:17.1,StrandBias:-0.0,Multiplicity:1.03
0.001	0.997	0.001	0.001
0.001	0.001	0.873	0.125
0.001	0.997	0.001	0.001
0.001	0.354	0.644	0.001
0.001	0.001	0.976	0.022
0.001	0.997	0.001	0.001
0.001	0.001	0.997	0.001
0.997	0.001	0.001	0.001
>CCTGCGCC	12-CCTGCGCC	8.330672	-543.282239	0	T:1269.0(4.93%),B:41.2(1.70%),P:1e-235	Tpos:97.8,Tstd:49.6,Bpos:104.0,Bstd:69.3,StrandBias:0.0,Multiplicity:1.08
0.001	0.754	0.001	0.244
0.001	0.997	0.001	0.001
0.001	0.001	0.001	0.997
0.001	0.001	0.997	0.001
0.001	0.997	0.001	0.001
0.001	0.001	0.997	0.001
0.123	0.875	0.001	0.001
0.001	0.693	0.001	0.305
>CCTTTGAT	13-CCTTTGAT	6.291044	-514.719080	0	T:3933.0(15.29%),B:221.0(9.11%),P:1e-223	Tpos:99.8,Tstd:56.9,Bpos:98.6,Bstd:68.8,StrandBias:0.0,Multiplicity:1.10
0.100	0.700	0.100	0.100
0.100	0.700	0.100	0.100
0.100	0.100	0.100	0.700
0.100	0.100	0.100	0.700
0.100	0.100	0.100	0.700
0.100	0.100	0.700	0.100
0.700	0.100	0.100	0.100
0.100	0.100	0.100	0.700
>AGCGGCCG	14-AGCGGCCG	8.519047	-494.483060	0	T:668.0(2.60%),B:14.0(0.58%),P:1e-214	Tpos:100.0,Tstd:54.6,Bpos:77.8,Bstd:61.4,StrandBias:-0.1,Multiplicity:1.04
0.997	0.001	0.001	0.001
0.109	0.001	0.889	0.001
0.001	0.997	0.001	0.001
0.284	0.001	0.714	0.001
0.001	0.001	0.997	0.001
0.001	0.997	0.001	0.001
0.001	0.997	0.001	0.001
0.001	0.001	0.997	0.001
>GACGCCGG	15-GACGCCGG	8.763291	-425.673347	0	T:645.0(2.51%),B:15.2(0.63%),P:1e-184	Tpos:101.6,Tstd:54.9,Bpos:130.2,Bstd:62.9,StrandBias:0.0,Multiplicity:1.02
0.001	0.001	0.997	0.001
0.997	0.001	0.001	0.001
0.001	0.997	0.001	0.001
0.001	0.001	0.997	0.001
0.045	0.953	0.001	0.001
0.001	0.828	0.001	0.170
0.253	0.001	0.745	0.001
0.168	0.001	0.830	0.001
>CGGCTGCC	16-CGGCTGCC	9.257487	-424.002070	0	T:597.0(2.32%),B:13.8(0.57%),P:1e-184	Tpos:106.6,Tstd:53.1,Bpos:75.8,Bstd:43.4,StrandBias:0.1,Multiplicity:1.03
0.001	0.997	0.001	0.001
0.001	0.001	0.997	0.001
0.001	0.001	0.997	0.001
0.232	0.766	0.001	0.001
0.001	0.001	0.001	0.997
0.001	0.001	0.997	0.001
0.296	0.702	0.001	0.001
0.001	0.997	0.001	0.001
>GGCTCGGA	17-GGCTCGGA	9.397683	-407.242034	0	T:336.0(1.31%),B:4.4(0.18%),P:1e-176	Tpos:101.0,Tstd:56.7,Bpos:101.1,Bstd:79.0,StrandBias:-0.1,Multiplicity:1.01
0.001	0.001	0.997	0.001
0.082	0.001	0.916	0.001
0.001	0.962	0.001	0.036
0.001	0.001	0.001	0.997
0.001	0.997	0.001	0.001
0.001	0.001	0.997	0.001
0.001	0.212	0.786	0.001
0.997	0.001	0.001	0.001
>SAATKCGC	18-SAATKCGC	7.907268	-354.068875	0	T:502.0(1.95%),B:11.9(0.49%),P:1e-153	Tpos:99.3,Tstd:53.0,Bpos:77.7,Bstd:55.1,StrandBias:0.2,Multiplicity:1.01
0.001	0.418	0.470	0.111
0.982	0.001	0.001	0.016
0.903	0.001	0.001	0.095
0.273	0.001	0.001	0.725
0.030	0.230	0.431	0.309
0.001	0.997	0.001	0.001
0.059	0.001	0.938	0.002
0.094	0.904	0.001	0.001
>GAGCCCGG	19-GAGCCCGG	8.815575	-298.892827	0	T:727.0(2.83%),B:24.6(1.01%),P:1e-129	Tpos:97.2,Tstd:57.8,Bpos:106.8,Bstd:41.8,StrandBias:0.1,Multiplicity:1.03
0.001	0.001	0.997	0.001
0.997	0.001	0.001	0.001
0.001	0.001	0.997	0.001
0.001	0.853	0.001	0.145
0.001	0.722	0.001	0.276
0.001	0.997	0.001	0.001
0.001	0.001	0.997	0.001
0.001	0.001	0.997	0.001
>CGATTGGT	20-CGATTGGT	6.646474	-269.618691	0	T:198.0(0.77%),B:2.9(0.12%),P:1e-117	Tpos:103.1,Tstd:48.7,Bpos:126.8,Bstd:26.2,StrandBias:0.0,Multiplicity:1.03
0.001	0.997	0.001	0.001
0.001	0.001	0.997	0.001
0.997	0.001	0.001	0.001
0.001	0.001	0.001	0.997
0.001	0.001	0.001	0.997
0.001	0.001	0.997	0.001
0.012	0.001	0.986	0.001
0.001	0.001	0.001	0.997
>GGAACAGT	21-GGAACAGT	9.827994	-269.095872	0	T:295.0(1.15%),B:5.4(0.22%),P:1e-116	Tpos:100.5,Tstd:56.1,Bpos:102.0,Bstd:57.4,StrandBias:-0.2,Multiplicity:1.01
0.001	0.001	0.997	0.001
0.001	0.001	0.997	0.001
0.997	0.001	0.001	0.001
0.709	0.289	0.001	0.001
0.001	0.997	0.001	0.001
0.997	0.001	0.001	0.001
0.001	0.001	0.997	0.001
0.001	0.001	0.001	0.997
>GCGAGCAG	22-GCGAGCAG	9.563711	-237.417771	0	T:374.0(1.45%),B:9.0(0.37%),P:1e-103	Tpos:95.0,Tstd:55.4,Bpos:120.1,Bstd:35.3,StrandBias:-0.3,Multiplicity:1.02
0.001	0.001	0.997	0.001
0.001	0.997	0.001	0.001
0.001	0.001	0.997	0.001
0.997	0.001	0.001	0.001
0.078	0.001	0.854	0.067
0.001	0.946	0.001	0.052
0.997	0.001	0.001	0.001
0.001	0.273	0.725	0.001
>CCCGCGGG	23-CCCGCGGG	8.236954	-223.651048	0	T:177.0(0.69%),B:2.9(0.12%),P:1e-97	Tpos:101.6,Tstd:54.1,Bpos:129.6,Bstd:52.1,StrandBias:0.0,Multiplicity:1.01
0.100	0.700	0.100	0.100
0.100	0.700	0.100	0.100
0.100	0.700	0.100	0.100
0.100	0.100	0.700	0.100
0.100	0.700	0.100	0.100
0.100	0.100	0.700	0.100
0.100	0.100	0.700	0.100
0.100	0.100	0.700	0.100
>AACCCTTC	24-AACCCTTC	8.236954	-202.623077	0	T:167.0(0.65%),B:2.6(0.11%),P:1e-87	Tpos:104.0,Tstd:57.2,Bpos:111.9,Bstd:21.8,StrandBias:0.1,Multiplicity:1.02
0.700	0.100	0.100	0.100
0.700	0.100	0.100	0.100
0.100	0.700	0.100	0.100
0.100	0.700	0.100	0.100
0.100	0.700	0.100	0.100
0.100	0.100	0.100	0.700
0.100	0.100	0.100	0.700
0.100	0.700	0.100	0.100
>GGCACGCC	25-GGCACGCC	10.716924	-86.173908	0	T:210.0(0.82%),B:7.2(0.30%),P:1e-37	Tpos:103.7,Tstd:51.3,Bpos:100.4,Bstd:39.2,StrandBias:0.2,Multiplicity:1.00
0.001	0.001	0.997	0.001
0.001	0.001	0.997	0.001
0.001	0.997	0.001	0.001
0.997	0.001	0.001	0.001
0.001	0.997	0.001	0.001
0.001	0.001	0.997	0.001
0.001	0.703	0.295	0.001
0.001	0.997	0.001	0.001
