>ACAGGAAGHG	1-ACAGGAAGHG	6.748066	-1097.734284	0	T:9766.0(37.97%),B:601.6(24.79%),P:1e-476	Tpos:100.9,Tstd:49.6,Bpos:103.9,Bstd:56.2,StrandBias:-0.0,Multiplicity:1.40
0.600	0.070	0.301	0.029
0.065	0.629	0.305	0.001
0.807	0.191	0.001	0.001
0.001	0.001	0.997	0.001
0.004	0.001	0.994	0.001
0.980	0.018	0.001	0.001
0.796	0.001	0.139	0.064
0.095	0.029	0.875	0.001
0.262	0.296	0.046	0.396
0.129	0.174	0.621	0.076
>CGBGCCGGGA	2-CGBGCCGGGA	9.357164	-1095.228512	0	T:407.0(1.58%),B:1.8(0.08%),P:1e-475	Tpos:98.6,Tstd:54.5,Bpos:103.0,Bstd:0.0,StrandBias:0.1,Multiplicity:1.04
0.042	0.869	0.079	0.010
0.025	0.112	0.824	0.039
0.022	0.265	0.335	0.378
0.002	0.143	0.834	0.021
0.050	0.882	0.053	0.015
0.024	0.874	0.091	0.011
0.060	0.062	0.864	0.014
0.015	0.037	0.936	0.012
0.140	0.039	0.820	0.001
0.719	0.159	0.108	0.014
>AACGCGTGCG	3-AACGCGTGCG	8.387971	-838.417858	0	T:412.0(1.60%),B:2.7(0.11%),P:1e-364	Tpos:95.6,Tstd:45.2,Bpos:33.0,Bstd:0.0,StrandBias:-0.0,Multiplicity:1.02
0.524	0.299	0.126	0.051
0.546	0.118	0.323	0.013
0.110	0.602	0.157	0.131
0.073	0.071	0.818	0.038
0.048	0.771	0.093	0.088
0.124	0.173	0.650	0.053
0.039	0.142	0.192	0.627
0.004	0.043	0.950	0.003
0.065	0.711	0.133	0.091
0.050	0.091	0.802	0.057
>CCTTTGATGT	4-CCTTTGATGT	4.051487	-727.304135	0	T:6561.0(25.51%),B:393.4(16.21%),P:1e-315	Tpos:101.1,Tstd:55.3,Bpos:100.3,Bstd:63.0,StrandBias:-0.0,Multiplicity:1.31
0.036	0.824	0.044	0.096
0.002	0.940	0.001	0.057
0.001	0.020	0.001	0.978
0.001	0.090	0.063	0.846
0.002	0.001	0.001	0.996
0.002	0.063	0.930	0.005
0.901	0.067	0.001	0.031
0.127	0.003	0.005	0.865
0.001	0.160	0.818	0.021
0.028	0.001	0.015	0.956
>CCGACGCCAG	5-CCGACGCCAG	8.350283	-630.388270	0	T:340.0(1.32%),B:2.5(0.10%),P:1e-273	Tpos:104.5,Tstd:53.4,Bpos:59.8,Bstd:24.7,StrandBias:-0.0,Multiplicity:1.02
0.100	0.700	0.100	0.100
0.100	0.700	0.100	0.100
0.100	0.100	0.700	0.100
0.700	0.100	0.100	0.100
0.100	0.700	0.100	0.100
0.100	0.100	0.700	0.100
0.100	0.700	0.100	0.100
0.100	0.700	0.100	0.100
0.700	0.100	0.100	0.100
0.100	0.100	0.700	0.100
>TCCTYCAAAC	6-TCCTYCAAAC	5.662450	-626.993877	0	T:475.0(1.85%),B:5.6(0.23%),P:1e-272	Tpos:98.0,Tstd:58.5,Bpos:94.3,Bstd:33.7,StrandBias:-0.3,Multiplicity:1.04
0.001	0.001	0.209	0.789
0.001	0.997	0.001	0.001
0.001	0.997	0.001	0.001
0.001	0.001	0.001	0.997
0.001	0.340	0.210	0.449
0.001	0.997	0.001	0.001
0.789	0.209	0.001	0.001
0.997	0.001	0.001	0.001
0.997	0.001	0.001	0.001
0.001	0.997	0.001	0.001
>CAAGGCGRCG	7-CAAGGCGRCG	6.339434	-604.101393	0	T:535.0(2.08%),B:7.7(0.32%),P:1e-262	Tpos:100.1,Tstd:52.3,Bpos:124.4,Bstd:68.1,StrandBias:0.2,Multiplicity:1.03
0.001	0.997	0.001	0.001
0.968	0.001	0.030	0.001
0.645	0.001	0.353	0.001
0.001	0.001	0.997	0.001
0.001	0.001	0.997	0.001
0.001	0.997	0.001	0.001
0.001	0.117	0.881	0.001
0.437	0.163	0.399	0.001
0.001	0.997	0.001	0.001
0.001	0.001	0.997	0.001
>TGGCAKCGCC	8-TGGCAKCGCC	9.389811	-594.386660	0	T:327.0(1.27%),B:2.9(0.12%),P:1e-258	Tpos:99.8,Tstd:50.7,Bpos:112.7,Bstd:26.8,StrandBias:-0.2,Multiplicity:1.02
0.041	0.064	0.110	0.785
0.022	0.035	0.933	0.010
0.015	0.081	0.879	0.025
0.004	0.984	0.009	0.003
0.624	0.205	0.035	0.136
0.049	0.167	0.353	0.431
0.028	0.810	0.118	0.044
0.114	0.116	0.641	0.129
0.003	0.955	0.032	0.010
0.010	0.964	0.006	0.020
>CGACCGGGCT	9-CGACCGGGCT	8.350283	-584.179760	0	T:259.0(1.01%),B:1.0(0.04%),P:1e-253	Tpos:101.1,Tstd:58.0,Bpos:31.0,Bstd:0.0,StrandBias:-0.1,Multiplicity:1.01
0.100	0.700	0.100	0.100
0.100	0.100	0.700	0.100
0.700	0.100	0.100	0.100
0.100	0.700	0.100	0.100
0.100	0.700	0.100	0.100
0.100	0.100	0.700	0.100
0.100	0.100	0.700	0.100
0.100	0.100	0.700	0.100
0.100	0.700	0.100	0.100
0.100	0.100	0.100	0.700
>GAACGGCCGC	10-GAACGGCCGC	8.350283	-583.413424	0	T:323.0(1.26%),B:2.5(0.10%),P:1e-253	Tpos:96.3,Tstd:53.2,Bpos:109.9,Bstd:5.3,StrandBias:-0.3,Multiplicity:1.01
0.100	0.100	0.700	0.100
0.700	0.100	0.100	0.100
0.700	0.100	0.100	0.100
0.100	0.700	0.100	0.100
0.100	0.100	0.700	0.100
0.100	0.100	0.700	0.100
0.100	0.700	0.100	0.100
0.100	0.700	0.100	0.100
0.100	0.100	0.700	0.100
0.100	0.700	0.100	0.100
>CGGGACGAGA	11-CGGGACGAGA	8.350283	-580.974085	0	T:258.0(1.00%),B:1.2(0.05%),P:1e-252	Tpos:96.5,Tstd:57.3,Bpos:134.0,Bstd:0.0,StrandBias:0.1,Multiplicity:1.05
0.100	0.700	0.100	0.100
0.100	0.100	0.700	0.100
0.100	0.100	0.700	0.100
0.100	0.100	0.700	0.100
0.700	0.100	0.100	0.100
0.100	0.700	0.100	0.100
0.100	0.100	0.700	0.100
0.700	0.100	0.100	0.100
0.100	0.100	0.700	0.100
0.700	0.100	0.100	0.100
>GCGGSCGSTG	12-GCGGSCGSTG	9.613722	-573.233005	0	T:486.0(1.89%),B:6.6(0.27%),P:1e-248	Tpos:96.6,Tstd:53.4,Bpos:130.0,Bstd:0.0,StrandBias:-0.1,Multiplicity:1.01
0.085	0.059	0.854	0.002
0.029	0.958	0.001	0.012
0.059	0.017	0.663	0.261
0.009	0.155	0.809	0.027
0.007	0.453	0.469	0.072
0.075	0.791	0.104	0.030
0.009	0.009	0.596	0.386
0.001	0.548	0.409	0.042
0.056	0.321	0.035	0.588
0.004	0.004	0.978	0.014
>TCCACGCCCC	13-TCCACGCCCC	8.350283	-550.869373	0	T:1257.0(4.89%),B:40.5(1.67%),P:1e-239	Tpos:100.1,Tstd:53.2,Bpos:89.3,Bstd:65.1,StrandBias:0.0,Multiplicity:1.09
0.100	0.100	0.100	0.700
0.100	0.700	0.100	0.100
0.100	0.700	0.100	0.100
0.700	0.100	0.100	0.100
0.100	0.700	0.100	0.100
0.100	0.100	0.700	0.100
0.100	0.700	0.100	0.100
0.100	0.700	0.100	0.100
0.100	0.700	0.100	0.100
0.100	0.700	0.100	0.100
>CCCCGACGCT	14-CCCCGACGCT	8.350283	-529.310869	0	T:303.0(1.18%),B:2.7(0.11%),P:1e-229	Tpos:102.5,Tstd:51.9,Bpos:117.2,Bstd:66.5,StrandBias:-0.2,Multiplicity:1.01
0.100	0.700	0.100	0.100
0.100	0.700	0.100	0.100
0.100	0.700	0.100	0.100
0.100	0.700	0.100	0.100
0.100	0.100	0.700	0.100
0.700	0.100	0.100	0.100
0.100	0.700	0.100	0.100
0.100	0.100	0.700	0.100
0.100	0.700	0.100	0.100
0.100	0.100	0.100	0.700
>GCGSYGGGCC	15-GCGSYGGGCC	9.204727	-528.381660	0	T:392.0(1.52%),B:4.7(0.19%),P:1e-229	Tpos:103.1,Tstd:54.4,Bpos:124.4,Bstd:43.4,StrandBias:0.2,Multiplicity:1.03
0.001	0.014	0.984	0.001
0.016	0.809	0.125	0.050
0.037	0.057	0.634	0.272
0.060	0.435	0.501	0.004
0.211	0.368	0.047	0.374
0.034	0.001	0.939	0.026
0.120	0.104	0.744	0.032
0.002	0.071	0.926	0.001
0.095	0.866	0.038	0.001
0.001	0.643	0.177	0.179
>CACGTCACGT	16-CACGTCACGT	5.896911	-522.373209	0	T:893.0(3.47%),B:23.6(0.97%),P:1e-226	Tpos:100.6,Tstd:43.8,Bpos:104.0,Bstd:82.0,StrandBias:0.1,Multiplicity:1.12
0.001	0.932	0.066	0.001
0.605	0.185	0.207	0.003
0.005	0.692	0.302	0.001
0.008	0.008	0.983	0.001
0.001	0.002	0.001	0.996
0.001	0.956	0.042	0.001
0.997	0.001	0.001	0.001
0.001	0.997	0.001	0.001
0.001	0.042	0.956	0.001
0.001	0.005	0.066	0.928
>CCGATTGGCG	17-CCGATTGGCG	8.350283	-495.832811	0	T:337.0(1.31%),B:4.0(0.16%),P:1e-215	Tpos:98.3,Tstd:49.1,Bpos:85.5,Bstd:12.4,StrandBias:0.1,Multiplicity:1.01
0.100	0.700	0.100	0.100
0.100	0.700	0.100	0.100
0.100	0.100	0.700	0.100
0.700	0.100	0.100	0.100
0.100	0.100	0.100	0.700
0.100	0.100	0.100	0.700
0.100	0.100	0.700	0.100
0.100	0.100	0.700	0.100
0.100	0.700	0.100	0.100
0.100	0.100	0.700	0.100
>CCAATGCGAG	18-CCAATGCGAG	8.350283	-442.038060	0	T:314.0(1.22%),B:3.9(0.16%),P:1e-191	Tpos:101.4,Tstd:50.5,Bpos:79.9,Bstd:36.4,StrandBias:-0.1,Multiplicity:1.01
0.100	0.700	0.100	0.100
0.100	0.700	0.100	0.100
0.700	0.100	0.100	0.100
0.700	0.100	0.100	0.100
0.100	0.100	0.100	0.700
0.100	0.100	0.700	0.100
0.100	0.700	0.100	0.100
0.100	0.100	0.700	0.100
0.700	0.100	0.100	0.100
0.100	0.100	0.700	0.100
>GCACGGCGAC	19-GCACGGCGAC	8.350283	-430.267718	0	T:265.0(1.03%),B:2.9(0.12%),P:1e-186	Tpos:98.7,Tstd:53.2,Bpos:61.4,Bstd:83.4,StrandBias:-0.0,Multiplicity:1.03
0.100	0.100	0.700	0.100
0.100	0.700	0.100	0.100
0.700	0.100	0.100	0.100
0.100	0.700	0.100	0.100
0.100	0.100	0.700	0.100
0.100	0.100	0.700	0.100
0.100	0.700	0.100	0.100
0.100	0.100	0.700	0.100
0.700	0.100	0.100	0.100
0.100	0.700	0.100	0.100
>CCGCTCTCGA	20-CCGCTCTCGA	8.350283	-412.600476	0	T:258.0(1.00%),B:2.1(0.09%),P:1e-179	Tpos:99.7,Tstd:51.9,Bpos:147.3,Bstd:27.2,StrandBias:0.1,Multiplicity:1.01
0.100	0.700	0.100	0.100
0.100	0.700	0.100	0.100
0.100	0.100	0.700	0.100
0.100	0.700	0.100	0.100
0.100	0.100	0.100	0.700
0.100	0.700	0.100	0.100
0.100	0.100	0.100	0.700
0.100	0.700	0.100	0.100
0.100	0.100	0.700	0.100
0.700	0.100	0.100	0.100
>GGCGCGTTCG	21-GGCGCGTTCG	8.350283	-342.169659	0	T:304.0(1.18%),B:4.1(0.17%),P:1e-148	Tpos:98.8,Tstd:51.6,Bpos:104.7,Bstd:35.6,StrandBias:0.0,Multiplicity:1.00
0.100	0.100	0.700	0.100
0.100	0.100	0.700	0.100
0.100	0.700	0.100	0.100
0.100	0.100	0.700	0.100
0.100	0.700	0.100	0.100
0.100	0.100	0.700	0.100
0.100	0.100	0.100	0.700
0.100	0.100	0.100	0.700
0.100	0.700	0.100	0.100
0.100	0.100	0.700	0.100
>CCGYGCCGAG	22-CCGYGCCGAG	8.386552	-335.296924	0	T:332.0(1.29%),B:5.6(0.23%),P:1e-145	Tpos:101.3,Tstd:53.4,Bpos:72.0,Bstd:0.0,StrandBias:0.1,Multiplicity:1.11
0.032	0.804	0.138	0.026
0.095	0.652	0.162	0.091
0.061	0.190	0.677	0.072
0.132	0.296	0.176	0.396
0.015	0.149	0.800	0.036
0.025	0.858	0.093	0.024
0.120	0.650	0.096	0.134
0.064	0.251	0.640	0.045
0.620	0.184	0.148	0.048
0.022	0.059	0.903	0.016
>GCGCGCYCGC	23-GCGCGCYCGC	7.208170	-305.938227	0	T:2956.0(11.49%),B:176.0(7.25%),P:1e-132	Tpos:100.2,Tstd:50.4,Bpos:117.4,Bstd:92.9,StrandBias:0.0,Multiplicity:1.38
0.038	0.218	0.713	0.031
0.069	0.717	0.158	0.056
0.056	0.177	0.704	0.063
0.010	0.867	0.095	0.028
0.063	0.205	0.635	0.097
0.009	0.866	0.108	0.017
0.075	0.294	0.196	0.436
0.047	0.681	0.199	0.073
0.064	0.210	0.594	0.132
0.024	0.788	0.146	0.042
>KGGCGGRAGG	24-KGGCGGRAGG	9.865589	-290.711872	0	T:387.0(1.50%),B:8.1(0.33%),P:1e-126	Tpos:102.9,Tstd:54.0,Bpos:137.0,Bstd:0.0,StrandBias:0.1,Multiplicity:1.03
0.216	0.090	0.410	0.284
0.016	0.095	0.888	0.001
0.136	0.119	0.743	0.002
0.077	0.780	0.142	0.001
0.076	0.001	0.868	0.055
0.001	0.001	0.997	0.001
0.511	0.054	0.434	0.001
0.997	0.001	0.001	0.001
0.001	0.001	0.997	0.001
0.001	0.059	0.902	0.038
>ACTCCCGTCA	25-ACTCCCGTCA	8.350283	-104.536263	0	T:246.0(0.96%),B:8.4(0.35%),P:1e-45	Tpos:92.9,Tstd:53.3,Bpos:63.4,Bstd:25.8,StrandBias:0.1,Multiplicity:1.06
0.700	0.100	0.100	0.100
0.100	0.700	0.100	0.100
0.100	0.100	0.100	0.700
0.100	0.700	0.100	0.100
0.100	0.700	0.100	0.100
0.100	0.700	0.100	0.100
0.100	0.100	0.700	0.100
0.100	0.100	0.100	0.700
0.100	0.700	0.100	0.100
0.700	0.100	0.100	0.100
