>ACAGGAAGHG	1-ACAGGAAGHG	6.748066	-1097.734284	0	T:9766.0(37.97%),B:601.6(24.79%),P:1e-476	Tpos:100.9,Tstd:49.6,Bpos:103.9,Bstd:56.2,StrandBias:-0.0,Multiplicity:1.40
0.600	0.070	0.301	0.029
0.065	0.629	0.305	0.001
0.807	0.191	0.001	0.001
0.001	0.001	0.997	0.001
0.004	0.001	0.994	0.001
0.980	0.018	0.001	0.001
0.796	0.001	0.139	0.064
0.095	0.029	0.875	0.001
0.262	0.296	0.046	0.396
0.129	0.174	0.621	0.076
>CGBGCCGGGA	2-CGBGCCGGGA	9.357164	-1095.228512	0	T:407.0(1.58%),B:1.8(0.08%),P:1e-475	Tpos:98.6,Tstd:54.5,Bpos:103.0,Bstd:0.0,StrandBias:0.1,Multiplicity:1.04
0.042	0.869	0.079	0.010
0.025	0.112	0.824	0.039
0.022	0.265	0.335	0.378
0.002	0.143	0.834	0.021
0.050	0.882	0.053	0.015
0.024	0.874	0.091	0.011
0.060	0.062	0.864	0.014
0.015	0.037	0.936	0.012
0.140	0.039	0.820	0.001
0.719	0.159	0.108	0.014
>AACGCGTGCG	3-AACGCGTGCG	8.387971	-838.417858	0	T:412.0(1.60%),B:2.7(0.11%),P:1e-364	Tpos:95.6,Tstd:45.2,Bpos:33.0,Bstd:0.0,StrandBias:-0.0,Multiplicity:1.02
0.524	0.299	0.126	0.051
0.546	0.118	0.323	0.013
0.110	0.602	0.157	0.131
0.073	0.071	0.818	0.038
0.048	0.771	0.093	0.088
0.124	0.173	0.650	0.053
0.039	0.142	0.192	0.627
0.004	0.043	0.950	0.003
0.065	0.711	0.133	0.091
0.050	0.091	0.802	0.057
>CCTTTGATGT	4-CCTTTGATGT	4.051487	-727.304135	0	T:6561.0(25.51%),B:393.4(16.21%),P:1e-315	Tpos:101.1,Tstd:55.3,Bpos:100.3,Bstd:63.0,StrandBias:-0.0,Multiplicity:1.31
0.036	0.824	0.044	0.096
0.002	0.940	0.001	0.057
0.001	0.020	0.001	0.978
0.001	0.090	0.063	0.846
0.002	0.001	0.001	0.996
0.002	0.063	0.930	0.005
0.901	0.067	0.001	0.031
0.127	0.003	0.005	0.865
0.001	0.160	0.818	0.021
0.028	0.001	0.015	0.956
>CCGACGCCAG	5-CCGACGCCAG	8.350283	-630.388270	0	T:340.0(1.32%),B:2.5(0.10%),P:1e-273	Tpos:104.5,Tstd:53.4,Bpos:59.8,Bstd:24.7,StrandBias:-0.0,Multiplicity:1.02
0.100	0.700	0.100	0.100
0.100	0.700	0.100	0.100
0.100	0.100	0.700	0.100
0.700	0.100	0.100	0.100
0.100	0.700	0.100	0.100
0.100	0.100	0.700	0.100
0.100	0.700	0.100	0.100
0.100	0.700	0.100	0.100
0.700	0.100	0.100	0.100
0.100	0.100	0.700	0.100
>TCCTYCAAAC	6-TCCTYCAAAC	5.662450	-626.993877	0	T:475.0(1.85%),B:5.6(0.23%),P:1e-272	Tpos:98.0,Tstd:58.5,Bpos:94.3,Bstd:33.7,StrandBias:-0.3,Multiplicity:1.04
0.001	0.001	0.209	0.789
0.001	0.997	0.001	0.001
0.001	0.997	0.001	0.001
0.001	0.001	0.001	0.997
0.001	0.340	0.210	0.449
0.001	0.997	0.001	0.001
0.789	0.209	0.001	0.001
0.997	0.001	0.001	0.001
0.997	0.001	0.001	0.001
0.001	0.997	0.001	0.001
>CAAGGCGRCG	7-CAAGGCGRCG	6.339434	-604.101393	0	T:535.0(2.08%),B:7.7(0.32%),P:1e-262	Tpos:100.1,Tstd:52.3,Bpos:124.4,Bstd:68.1,StrandBias:0.2,Multiplicity:1.03
0.001	0.997	0.001	0.001
0.968	0.001	0.030	0.001
0.645	0.001	0.353	0.001
0.001	0.001	0.997	0.001
0.001	0.001	0.997	0.001
0.001	0.997	0.001	0.001
0.001	0.117	0.881	0.001
0.437	0.163	0.399	0.001
0.001	0.997	0.001	0.001
0.001	0.001	0.997	0.001
>TGGCAKCGCC	8-TGGCAKCGCC	9.389811	-594.386660	0	T:327.0(1.27%),B:2.9(0.12%),P:1e-258	Tpos:99.8,Tstd:50.7,Bpos:112.7,Bstd:26.8,StrandBias:-0.2,Multiplicity:1.02
0.041	0.064	0.110	0.785
0.022	0.035	0.933	0.010
0.015	0.081	0.879	0.025
0.004	0.984	0.009	0.003
0.624	0.205	0.035	0.136
0.049	0.167	0.353	0.431
0.028	0.810	0.118	0.044
0.114	0.116	0.641	0.129
0.003	0.955	0.032	0.010
0.010	0.964	0.006	0.020
>CGACCGGGCT	9-CGACCGGGCT	8.350283	-584.179760	0	T:259.0(1.01%),B:1.0(0.04%),P:1e-253	Tpos:101.1,Tstd:58.0,Bpos:31.0,Bstd:0.0,StrandBias:-0.1,Multiplicity:1.01
0.100	0.700	0.100	0.100
0.100	0.100	0.700	0.100
0.700	0.100	0.100	0.100
0.100	0.700	0.100	0.100
0.100	0.700	0.100	0.100
0.100	0.100	0.700	0.100
0.100	0.100	0.700	0.100
0.100	0.100	0.700	0.100
0.100	0.700	0.100	0.100
0.100	0.100	0.100	0.700
>GAACGGCCGC	10-GAACGGCCGC	8.350283	-583.413424	0	T:323.0(1.26%),B:2.5(0.10%),P:1e-253	Tpos:96.3,Tstd:53.2,Bpos:109.9,Bstd:5.3,StrandBias:-0.3,Multiplicity:1.01
0.100	0.100	0.700	0.100
0.700	0.100	0.100	0.100
0.700	0.100	0.100	0.100
0.100	0.700	0.100	0.100
0.100	0.100	0.700	0.100
0.100	0.100	0.700	0.100
0.100	0.700	0.100	0.100
0.100	0.700	0.100	0.100
0.100	0.100	0.700	0.100
0.100	0.700	0.100	0.100
>CGGGACGAGA	11-CGGGACGAGA	8.350283	-580.974085	0	T:258.0(1.00%),B:1.2(0.05%),P:1e-252	Tpos:96.5,Tstd:57.3,Bpos:134.0,Bstd:0.0,StrandBias:0.1,Multiplicity:1.05
0.100	0.700	0.100	0.100
0.100	0.100	0.700	0.100
0.100	0.100	0.700	0.100
0.100	0.100	0.700	0.100
0.700	0.100	0.100	0.100
0.100	0.700	0.100	0.100
0.100	0.100	0.700	0.100
0.700	0.100	0.100	0.100
0.100	0.100	0.700	0.100
0.700	0.100	0.100	0.100
>GCGGSCGSTG	12-GCGGSCGSTG	9.613722	-573.233005	0	T:486.0(1.89%),B:6.6(0.27%),P:1e-248	Tpos:96.6,Tstd:53.4,Bpos:130.0,Bstd:0.0,StrandBias:-0.1,Multiplicity:1.01
0.085	0.059	0.854	0.002
0.029	0.958	0.001	0.012
0.059	0.017	0.663	0.261
0.009	0.155	0.809	0.027
0.007	0.453	0.469	0.072
0.075	0.791	0.104	0.030
0.009	0.009	0.596	0.386
0.001	0.548	0.409	0.042
0.056	0.321	0.035	0.588
0.004	0.004	0.978	0.014
>TCCACGCCCC	13-TCCACGCCCC	8.350283	-550.869373	0	T:1257.0(4.89%),B:40.5(1.67%),P:1e-239	Tpos:100.1,Tstd:53.2,Bpos:89.3,Bstd:65.1,StrandBias:0.0,Multiplicity:1.09
0.100	0.100	0.100	0.700
0.100	0.700	0.100	0.100
0.100	0.700	0.100	0.100
0.700	0.100	0.100	0.100
0.100	0.700	0.100	0.100
0.100	0.100	0.700	0.100
0.100	0.700	0.100	0.100
0.100	0.700	0.100	0.100
0.100	0.700	0.100	0.100
0.100	0.700	0.100	0.100
>CCCCGACGCT	14-CCCCGACGCT	8.350283	-529.310869	0	T:303.0(1.18%),B:2.7(0.11%),P:1e-229	Tpos:102.5,Tstd:51.9,Bpos:117.2,Bstd:66.5,StrandBias:-0.2,Multiplicity:1.01
0.100	0.700	0.100	0.100
0.100	0.700	0.100	0.100
0.100	0.700	0.100	0.100
0.100	0.700	0.100	0.100
0.100	0.100	0.700	0.100
0.700	0.100	0.100	0.100
0.100	0.700	0.100	0.100
0.100	0.100	0.700	0.100
0.100	0.700	0.100	0.100
0.100	0.100	0.100	0.700
>GCGSYGGGCC	15-GCGSYGGGCC	9.204727	-528.381660	0	T:392.0(1.52%),B:4.7(0.19%),P:1e-229	Tpos:103.1,Tstd:54.4,Bpos:124.4,Bstd:43.4,StrandBias:0.2,Multiplicity:1.03
0.001	0.014	0.984	0.001
0.016	0.809	0.125	0.050
0.037	0.057	0.634	0.272
0.060	0.435	0.501	0.004
0.211	0.368	0.047	0.374
0.034	0.001	0.939	0.026
0.120	0.104	0.744	0.032
0.002	0.071	0.926	0.001
0.095	0.866	0.038	0.001
0.001	0.643	0.177	0.179
>CACGTCACGT	16-CACGTCACGT	5.896911	-522.373209	0	T:893.0(3.47%),B:23.6(0.97%),P:1e-226	Tpos:100.6,Tstd:43.8,Bpos:104.0,Bstd:82.0,StrandBias:0.1,Multiplicity:1.12
0.001	0.932	0.066	0.001
0.605	0.185	0.207	0.003
0.005	0.692	0.302	0.001
0.008	0.008	0.983	0.001
0.001	0.002	0.001	0.996
0.001	0.956	0.042	0.001
0.997	0.001	0.001	0.001
0.001	0.997	0.001	0.001
0.001	0.042	0.956	0.001
0.001	0.005	0.066	0.928
>CCGATTGGCG	17-CCGATTGGCG	8.350283	-495.832811	0	T:337.0(1.31%),B:4.0(0.16%),P:1e-215	Tpos:98.3,Tstd:49.1,Bpos:85.5,Bstd:12.4,StrandBias:0.1,Multiplicity:1.01
0.100	0.700	0.100	0.100
0.100	0.700	0.100	0.100
0.100	0.100	0.700	0.100
0.700	0.100	0.100	0.100
0.100	0.100	0.100	0.700
0.100	0.100	0.100	0.700
0.100	0.100	0.700	0.100
0.100	0.100	0.700	0.100
0.100	0.700	0.100	0.100
0.100	0.100	0.700	0.100
>CCAATGCGAG	18-CCAATGCGAG	8.350283	-442.038060	0	T:314.0(1.22%),B:3.9(0.16%),P:1e-191	Tpos:101.4,Tstd:50.5,Bpos:79.9,Bstd:36.4,StrandBias:-0.1,Multiplicity:1.01
0.100	0.700	0.100	0.100
0.100	0.700	0.100	0.100
0.700	0.100	0.100	0.100
0.700	0.100	0.100	0.100
0.100	0.100	0.100	0.700
0.100	0.100	0.700	0.100
0.100	0.700	0.100	0.100
0.100	0.100	0.700	0.100
0.700	0.100	0.100	0.100
0.100	0.100	0.700	0.100
>GCACGGCGAC	19-GCACGGCGAC	8.350283	-430.267718	0	T:265.0(1.03%),B:2.9(0.12%),P:1e-186	Tpos:98.7,Tstd:53.2,Bpos:61.4,Bstd:83.4,StrandBias:-0.0,Multiplicity:1.03
0.100	0.100	0.700	0.100
0.100	0.700	0.100	0.100
0.700	0.100	0.100	0.100
0.100	0.700	0.100	0.100
0.100	0.100	0.700	0.100
0.100	0.100	0.700	0.100
0.100	0.700	0.100	0.100
0.100	0.100	0.700	0.100
0.700	0.100	0.100	0.100
0.100	0.700	0.100	0.100
>CCGCTCTCGA	20-CCGCTCTCGA	8.350283	-412.600476	0	T:258.0(1.00%),B:2.1(0.09%),P:1e-179	Tpos:99.7,Tstd:51.9,Bpos:147.3,Bstd:27.2,StrandBias:0.1,Multiplicity:1.01
0.100	0.700	0.100	0.100
0.100	0.700	0.100	0.100
0.100	0.100	0.700	0.100
0.100	0.700	0.100	0.100
0.100	0.100	0.100	0.700
0.100	0.700	0.100	0.100
0.100	0.100	0.100	0.700
0.100	0.700	0.100	0.100
0.100	0.100	0.700	0.100
0.700	0.100	0.100	0.100
>GGCGCGTTCG	21-GGCGCGTTCG	8.350283	-342.169659	0	T:304.0(1.18%),B:4.1(0.17%),P:1e-148	Tpos:98.8,Tstd:51.6,Bpos:104.7,Bstd:35.6,StrandBias:0.0,Multiplicity:1.00
0.100	0.100	0.700	0.100
0.100	0.100	0.700	0.100
0.100	0.700	0.100	0.100
0.100	0.100	0.700	0.100
0.100	0.700	0.100	0.100
0.100	0.100	0.700	0.100
0.100	0.100	0.100	0.700
0.100	0.100	0.100	0.700
0.100	0.700	0.100	0.100
0.100	0.100	0.700	0.100
>CCGYGCCGAG	22-CCGYGCCGAG	8.386552	-335.296924	0	T:332.0(1.29%),B:5.6(0.23%),P:1e-145	Tpos:101.3,Tstd:53.4,Bpos:72.0,Bstd:0.0,StrandBias:0.1,Multiplicity:1.11
0.032	0.804	0.138	0.026
0.095	0.652	0.162	0.091
0.061	0.190	0.677	0.072
0.132	0.296	0.176	0.396
0.015	0.149	0.800	0.036
0.025	0.858	0.093	0.024
0.120	0.650	0.096	0.134
0.064	0.251	0.640	0.045
0.620	0.184	0.148	0.048
0.022	0.059	0.903	0.016
>GCGCGCYCGC	23-GCGCGCYCGC	7.208170	-305.938227	0	T:2956.0(11.49%),B:176.0(7.25%),P:1e-132	Tpos:100.2,Tstd:50.4,Bpos:117.4,Bstd:92.9,StrandBias:0.0,Multiplicity:1.38
0.038	0.218	0.713	0.031
0.069	0.717	0.158	0.056
0.056	0.177	0.704	0.063
0.010	0.867	0.095	0.028
0.063	0.205	0.635	0.097
0.009	0.866	0.108	0.017
0.075	0.294	0.196	0.436
0.047	0.681	0.199	0.073
0.064	0.210	0.594	0.132
0.024	0.788	0.146	0.042
>KGGCGGRAGG	24-KGGCGGRAGG	9.865589	-290.711872	0	T:387.0(1.50%),B:8.1(0.33%),P:1e-126	Tpos:102.9,Tstd:54.0,Bpos:137.0,Bstd:0.0,StrandBias:0.1,Multiplicity:1.03
0.216	0.090	0.410	0.284
0.016	0.095	0.888	0.001
0.136	0.119	0.743	0.002
0.077	0.780	0.142	0.001
0.076	0.001	0.868	0.055
0.001	0.001	0.997	0.001
0.511	0.054	0.434	0.001
0.997	0.001	0.001	0.001
0.001	0.001	0.997	0.001
0.001	0.059	0.902	0.038
>ACTCCCGTCA	25-ACTCCCGTCA	8.350283	-104.536263	0	T:246.0(0.96%),B:8.4(0.35%),P:1e-45	Tpos:92.9,Tstd:53.3,Bpos:63.4,Bstd:25.8,StrandBias:0.1,Multiplicity:1.06
0.700	0.100	0.100	0.100
0.100	0.700	0.100	0.100
0.100	0.100	0.100	0.700
0.100	0.700	0.100	0.100
0.100	0.700	0.100	0.100
0.100	0.700	0.100	0.100
0.100	0.100	0.700	0.100
0.100	0.100	0.100	0.700
0.100	0.700	0.100	0.100
0.700	0.100	0.100	0.100
>CAATCCGCCGCG	1-CAATCCGCCGCG	8.463612	-918.779866	0	T:358.0(1.39%),B:1.7(0.07%),P:1e-399	Tpos:96.7,Tstd:48.2,Bpos:164.0,Bstd:0.0,StrandBias:-0.1,Multiplicity:1.02
0.100	0.700	0.100	0.100
0.700	0.100	0.100	0.100
0.700	0.100	0.100	0.100
0.100	0.100	0.100	0.700
0.100	0.700	0.100	0.100
0.100	0.700	0.100	0.100
0.100	0.100	0.700	0.100
0.100	0.700	0.100	0.100
0.100	0.700	0.100	0.100
0.100	0.100	0.700	0.100
0.100	0.700	0.100	0.100
0.100	0.100	0.700	0.100
>CGCGGCGATGAC	2-CGCGGCGATGAC	8.463612	-865.368755	0	T:421.0(1.64%),B:2.8(0.12%),P:1e-375	Tpos:101.8,Tstd:49.6,Bpos:86.4,Bstd:15.5,StrandBias:-0.1,Multiplicity:1.03
0.100	0.700	0.100	0.100
0.100	0.100	0.700	0.100
0.100	0.700	0.100	0.100
0.100	0.100	0.700	0.100
0.100	0.100	0.700	0.100
0.100	0.700	0.100	0.100
0.100	0.100	0.700	0.100
0.700	0.100	0.100	0.100
0.100	0.100	0.100	0.700
0.100	0.100	0.700	0.100
0.700	0.100	0.100	0.100
0.100	0.700	0.100	0.100
>TGCGAACCGCGC	3-TGCGAACCGCGC	8.463612	-811.666489	0	T:403.0(1.57%),B:2.2(0.09%),P:1e-352	Tpos:100.1,Tstd:50.3,Bpos:64.1,Bstd:30.7,StrandBias:-0.0,Multiplicity:1.02
0.100	0.100	0.100	0.700
0.100	0.100	0.700	0.100
0.100	0.700	0.100	0.100
0.100	0.100	0.700	0.100
0.700	0.100	0.100	0.100
0.700	0.100	0.100	0.100
0.100	0.700	0.100	0.100
0.100	0.700	0.100	0.100
0.100	0.100	0.700	0.100
0.100	0.700	0.100	0.100
0.100	0.100	0.700	0.100
0.100	0.700	0.100	0.100
>GCGGCGGGCGAT	4-GCGGCGGGCGAT	8.463612	-806.180578	0	T:668.0(2.60%),B:8.8(0.36%),P:1e-350	Tpos:94.8,Tstd:54.3,Bpos:100.6,Bstd:51.5,StrandBias:-0.1,Multiplicity:1.03
0.100	0.100	0.700	0.100
0.100	0.700	0.100	0.100
0.100	0.100	0.700	0.100
0.100	0.100	0.700	0.100
0.100	0.700	0.100	0.100
0.100	0.100	0.700	0.100
0.100	0.100	0.700	0.100
0.100	0.100	0.700	0.100
0.100	0.700	0.100	0.100
0.100	0.100	0.700	0.100
0.700	0.100	0.100	0.100
0.100	0.100	0.100	0.700
>CCGCCGCCGCCG	5-CCGCCGCCGCCG	12.551681	-686.750926	0	T:360.0(1.40%),B:2.8(0.12%),P:1e-298	Tpos:100.4,Tstd:60.3,Bpos:47.0,Bstd:0.0,StrandBias:-0.1,Multiplicity:1.12
0.004	0.742	0.253	0.001
0.015	0.709	0.004	0.272
0.032	0.004	0.816	0.148
0.001	0.992	0.001	0.006
0.001	0.964	0.031	0.004
0.002	0.191	0.727	0.080
0.001	0.991	0.001	0.007
0.014	0.970	0.015	0.001
0.149	0.004	0.790	0.057
0.001	0.989	0.006	0.004
0.008	0.931	0.056	0.005
0.020	0.347	0.617	0.016
>GGCGCGGCGCCG	6-GGCGCGGCGCCG	10.957408	-658.425009	0	T:350.0(1.36%),B:2.9(0.12%),P:1e-285	Tpos:100.4,Tstd:53.6,Bpos:0.0,Bstd:0.0,StrandBias:-0.1,Multiplicity:1.03
0.041	0.042	0.915	0.002
0.073	0.192	0.466	0.269
0.022	0.464	0.207	0.306
0.001	0.048	0.950	0.001
0.008	0.685	0.304	0.003
0.035	0.058	0.894	0.013
0.001	0.092	0.906	0.001
0.071	0.815	0.082	0.032
0.001	0.029	0.954	0.016
0.003	0.740	0.256	0.001
0.011	0.631	0.309	0.049
0.001	0.032	0.961	0.006
>CGTCCACGTGAC	7-CGTCCACGTGAC	8.463612	-622.293477	0	T:433.0(1.68%),B:4.8(0.20%),P:1e-270	Tpos:98.6,Tstd:45.1,Bpos:80.5,Bstd:69.6,StrandBias:0.0,Multiplicity:1.05
0.100	0.700	0.100	0.100
0.100	0.100	0.700	0.100
0.100	0.100	0.100	0.700
0.100	0.700	0.100	0.100
0.100	0.700	0.100	0.100
0.700	0.100	0.100	0.100
0.100	0.700	0.100	0.100
0.100	0.100	0.700	0.100
0.100	0.100	0.100	0.700
0.100	0.100	0.700	0.100
0.700	0.100	0.100	0.100
0.100	0.700	0.100	0.100
>TCGCGGGAGGCG	8-TCGCGGGAGGCG	8.463612	-621.664073	0	T:943.0(3.67%),B:22.9(0.94%),P:1e-269	Tpos:102.3,Tstd:53.0,Bpos:111.9,Bstd:103.5,StrandBias:0.0,Multiplicity:1.05
0.100	0.100	0.100	0.700
0.100	0.700	0.100	0.100
0.100	0.100	0.700	0.100
0.100	0.700	0.100	0.100
0.100	0.100	0.700	0.100
0.100	0.100	0.700	0.100
0.100	0.100	0.700	0.100
0.700	0.100	0.100	0.100
0.100	0.100	0.700	0.100
0.100	0.100	0.700	0.100
0.100	0.700	0.100	0.100
0.100	0.100	0.700	0.100
>CCGGTGGAGCCC	9-CCGGTGGAGCCC	8.463612	-613.843222	0	T:717.0(2.79%),B:13.1(0.54%),P:1e-266	Tpos:100.2,Tstd:53.1,Bpos:121.9,Bstd:65.3,StrandBias:0.0,Multiplicity:1.02
0.100	0.700	0.100	0.100
0.100	0.700	0.100	0.100
0.100	0.100	0.700	0.100
0.100	0.100	0.700	0.100
0.100	0.100	0.100	0.700
0.100	0.100	0.700	0.100
0.100	0.100	0.700	0.100
0.700	0.100	0.100	0.100
0.100	0.100	0.700	0.100
0.100	0.700	0.100	0.100
0.100	0.700	0.100	0.100
0.100	0.700	0.100	0.100
>GCAGCCACGCCC	10-GCAGCCACGCCC	10.409522	-603.495025	0	T:265.0(1.03%),B:0.5(0.02%),P:1e-262	Tpos:96.8,Tstd:47.9,Bpos:21.0,Bstd:0.0,StrandBias:-0.4,Multiplicity:1.02
0.100	0.100	0.700	0.100
0.100	0.700	0.100	0.100
0.700	0.100	0.100	0.100
0.100	0.100	0.700	0.100
0.100	0.700	0.100	0.100
0.100	0.700	0.100	0.100
0.700	0.100	0.100	0.100
0.100	0.700	0.100	0.100
0.100	0.100	0.700	0.100
0.100	0.700	0.100	0.100
0.100	0.700	0.100	0.100
0.100	0.700	0.100	0.100
>CCGCACTCCCGT	11-CCGCACTCCCGT	8.463612	-581.239639	0	T:615.0(2.39%),B:10.8(0.44%),P:1e-252	Tpos:99.3,Tstd:53.8,Bpos:122.3,Bstd:43.5,StrandBias:0.2,Multiplicity:1.03
0.100	0.700	0.100	0.100
0.100	0.700	0.100	0.100
0.100	0.100	0.700	0.100
0.100	0.700	0.100	0.100
0.700	0.100	0.100	0.100
0.100	0.700	0.100	0.100
0.100	0.100	0.100	0.700
0.100	0.700	0.100	0.100
0.100	0.700	0.100	0.100
0.100	0.700	0.100	0.100
0.100	0.100	0.700	0.100
0.100	0.100	0.100	0.700
>AGCGAGCGAGCG	12-AGCGAGCGAGCG	0.687353	-543.301582	0	T:1893.0(7.36%),B:77.3(3.19%),P:1e-235	Tpos:99.3,Tstd:48.3,Bpos:99.8,Bstd:70.4,StrandBias:-0.0,Multiplicity:1.18
0.944	0.025	0.030	0.001
0.001	0.001	0.997	0.001
0.001	0.997	0.001	0.001
0.001	0.001	0.997	0.001
0.847	0.151	0.001	0.001
0.001	0.001	0.997	0.001
0.001	0.997	0.001	0.001
0.001	0.001	0.997	0.001
0.804	0.194	0.001	0.001
0.001	0.001	0.997	0.001
0.001	0.997	0.001	0.001
0.001	0.001	0.997	0.001
>CTTCCGGCTCGT	13-CTTCCGGCTCGT	8.463612	-534.563648	0	T:743.0(2.89%),B:16.3(0.67%),P:1e-232	Tpos:101.2,Tstd:48.5,Bpos:100.2,Bstd:55.5,StrandBias:0.1,Multiplicity:1.03
0.100	0.700	0.100	0.100
0.100	0.100	0.100	0.700
0.100	0.100	0.100	0.700
0.100	0.700	0.100	0.100
0.100	0.700	0.100	0.100
0.100	0.100	0.700	0.100
0.100	0.100	0.700	0.100
0.100	0.700	0.100	0.100
0.100	0.100	0.100	0.700
0.100	0.700	0.100	0.100
0.100	0.100	0.700	0.100
0.100	0.100	0.100	0.700
>GCTCCGAGGATC	14-GCTCCGAGGATC	8.463612	-522.614051	0	T:461.0(1.79%),B:6.9(0.28%),P:1e-226	Tpos:97.1,Tstd:55.6,Bpos:96.5,Bstd:93.0,StrandBias:0.1,Multiplicity:1.02
0.100	0.100	0.700	0.100
0.100	0.700	0.100	0.100
0.100	0.100	0.100	0.700
0.100	0.700	0.100	0.100
0.100	0.700	0.100	0.100
0.100	0.100	0.700	0.100
0.700	0.100	0.100	0.100
0.100	0.100	0.700	0.100
0.100	0.100	0.700	0.100
0.700	0.100	0.100	0.100
0.100	0.100	0.100	0.700
0.100	0.700	0.100	0.100
>GCAGATCAAAGG	15-GCAGATCAAAGG	8.463612	-499.467315	0	T:621.0(2.41%),B:12.8(0.53%),P:1e-216	Tpos:101.6,Tstd:52.9,Bpos:115.6,Bstd:51.9,StrandBias:-0.0,Multiplicity:1.05
0.100	0.100	0.700	0.100
0.100	0.700	0.100	0.100
0.700	0.100	0.100	0.100
0.100	0.100	0.700	0.100
0.700	0.100	0.100	0.100
0.100	0.100	0.100	0.700
0.100	0.700	0.100	0.100
0.700	0.100	0.100	0.100
0.700	0.100	0.100	0.100
0.700	0.100	0.100	0.100
0.100	0.100	0.700	0.100
0.100	0.100	0.700	0.100
>GCGGGTTGCGAG	16-GCGGGTTGCGAG	8.463612	-480.909443	0	T:501.0(1.95%),B:8.2(0.34%),P:1e-208	Tpos:96.1,Tstd:55.3,Bpos:115.0,Bstd:75.2,StrandBias:-0.0,Multiplicity:1.02
0.100	0.100	0.700	0.100
0.100	0.700	0.100	0.100
0.100	0.100	0.700	0.100
0.100	0.100	0.700	0.100
0.100	0.100	0.700	0.100
0.100	0.100	0.100	0.700
0.100	0.100	0.100	0.700
0.100	0.100	0.700	0.100
0.100	0.700	0.100	0.100
0.100	0.100	0.700	0.100
0.700	0.100	0.100	0.100
0.100	0.100	0.700	0.100
>CGCCCCCTTCCG	17-CGCCCCCTTCCG	10.409522	-471.342268	0	T:281.0(1.09%),B:2.8(0.12%),P:1e-204	Tpos:107.5,Tstd:44.3,Bpos:115.6,Bstd:3.4,StrandBias:0.3,Multiplicity:1.00
0.100	0.700	0.100	0.100
0.100	0.100	0.700	0.100
0.100	0.700	0.100	0.100
0.100	0.700	0.100	0.100
0.100	0.700	0.100	0.100
0.100	0.700	0.100	0.100
0.100	0.700	0.100	0.100
0.100	0.100	0.100	0.700
0.100	0.100	0.100	0.700
0.100	0.700	0.100	0.100
0.100	0.700	0.100	0.100
0.100	0.100	0.700	0.100
>CTGACGGACGGA	18-CTGACGGACGGA	8.463612	-465.224927	0	T:324.0(1.26%),B:4.0(0.16%),P:1e-202	Tpos:100.0,Tstd:53.8,Bpos:80.3,Bstd:47.3,StrandBias:0.1,Multiplicity:1.02
0.100	0.700	0.100	0.100
0.100	0.100	0.100	0.700
0.100	0.100	0.700	0.100
0.700	0.100	0.100	0.100
0.100	0.700	0.100	0.100
0.100	0.100	0.700	0.100
0.100	0.100	0.700	0.100
0.700	0.100	0.100	0.100
0.100	0.700	0.100	0.100
0.100	0.100	0.700	0.100
0.100	0.100	0.700	0.100
0.700	0.100	0.100	0.100
>TGACGTGACGTG	19-TGACGTGACGTG	8.463612	-433.301764	0	T:383.0(1.49%),B:5.3(0.22%),P:1e-188	Tpos:102.3,Tstd:42.7,Bpos:139.6,Bstd:50.7,StrandBias:0.2,Multiplicity:1.04
0.100	0.100	0.100	0.700
0.100	0.100	0.700	0.100
0.700	0.100	0.100	0.100
0.100	0.700	0.100	0.100
0.100	0.100	0.700	0.100
0.100	0.100	0.100	0.700
0.100	0.100	0.700	0.100
0.700	0.100	0.100	0.100
0.100	0.700	0.100	0.100
0.100	0.100	0.700	0.100
0.100	0.100	0.100	0.700
0.100	0.100	0.700	0.100
>GCAAGCCTCGCG	20-GCAAGCCTCGCG	8.463612	-426.976313	0	T:599.0(2.33%),B:13.7(0.56%),P:1e-185	Tpos:101.8,Tstd:49.8,Bpos:111.0,Bstd:43.9,StrandBias:0.1,Multiplicity:1.03
0.100	0.100	0.700	0.100
0.100	0.700	0.100	0.100
0.700	0.100	0.100	0.100
0.700	0.100	0.100	0.100
0.100	0.100	0.700	0.100
0.100	0.700	0.100	0.100
0.100	0.700	0.100	0.100
0.100	0.100	0.100	0.700
0.100	0.700	0.100	0.100
0.100	0.100	0.700	0.100
0.100	0.700	0.100	0.100
0.100	0.100	0.700	0.100
>CGACTTCTCATT	21-CGACTTCTCATT	8.463612	-423.719710	0	T:306.0(1.19%),B:3.9(0.16%),P:1e-184	Tpos:103.3,Tstd:57.2,Bpos:133.7,Bstd:35.1,StrandBias:0.1,Multiplicity:1.00
0.100	0.700	0.100	0.100
0.100	0.100	0.700	0.100
0.700	0.100	0.100	0.100
0.100	0.700	0.100	0.100
0.100	0.100	0.100	0.700
0.100	0.100	0.100	0.700
0.100	0.700	0.100	0.100
0.100	0.100	0.100	0.700
0.100	0.700	0.100	0.100
0.700	0.100	0.100	0.100
0.100	0.100	0.100	0.700
0.100	0.100	0.100	0.700
>CGTCGCCGGCGA	22-CGTCGCCGGCGA	8.463612	-388.302265	0	T:420.0(1.63%),B:7.2(0.30%),P:1e-168	Tpos:98.3,Tstd:53.6,Bpos:67.5,Bstd:41.6,StrandBias:0.0,Multiplicity:1.05
0.100	0.700	0.100	0.100
0.100	0.100	0.700	0.100
0.100	0.100	0.100	0.700
0.100	0.700	0.100	0.100
0.100	0.100	0.700	0.100
0.100	0.700	0.100	0.100
0.100	0.700	0.100	0.100
0.100	0.100	0.700	0.100
0.100	0.100	0.700	0.100
0.100	0.700	0.100	0.100
0.100	0.100	0.700	0.100
0.700	0.100	0.100	0.100
>CCCGCCCCCCCC	23-CCCGCCCCCCCC	10.310210	-259.121369	0	T:149.0(0.58%),B:1.8(0.07%),P:1e-112	Tpos:106.7,Tstd:72.3,Bpos:59.6,Bstd:45.7,StrandBias:0.2,Multiplicity:1.01
0.001	0.997	0.001	0.001
0.001	0.997	0.001	0.001
0.001	0.997	0.001	0.001
0.001	0.369	0.629	0.001
0.001	0.993	0.005	0.001
0.001	0.997	0.001	0.001
0.001	0.997	0.001	0.001
0.001	0.997	0.001	0.001
0.001	0.997	0.001	0.001
0.001	0.997	0.001	0.001
0.001	0.997	0.001	0.001
0.001	0.997	0.001	0.001
>GGCCTGCCTGCC	24-GGCCTGCCTGCC	10.409522	-240.723269	0	T:142.0(0.55%),B:1.5(0.06%),P:1e-104	Tpos:98.1,Tstd:52.0,Bpos:129.2,Bstd:68.3,StrandBias:-0.9,Multiplicity:1.01
0.100	0.100	0.700	0.100
0.100	0.100	0.700	0.100
0.100	0.700	0.100	0.100
0.100	0.700	0.100	0.100
0.100	0.100	0.100	0.700
0.100	0.100	0.700	0.100
0.100	0.700	0.100	0.100
0.100	0.700	0.100	0.100
0.100	0.100	0.100	0.700
0.100	0.100	0.700	0.100
0.100	0.700	0.100	0.100
0.100	0.700	0.100	0.100
>GCTGCTGCCGCT	25-GCTGCTGCCGCT	10.409522	-229.856096	0	T:214.0(0.83%),B:3.6(0.15%),P:1e-99	Tpos:97.2,Tstd:59.1,Bpos:101.9,Bstd:24.8,StrandBias:0.2,Multiplicity:1.08
0.100	0.100	0.700	0.100
0.100	0.700	0.100	0.100
0.100	0.100	0.100	0.700
0.100	0.100	0.700	0.100
0.100	0.700	0.100	0.100
0.100	0.100	0.100	0.700
0.100	0.100	0.700	0.100
0.100	0.700	0.100	0.100
0.100	0.700	0.100	0.100
0.100	0.100	0.700	0.100
0.100	0.700	0.100	0.100
0.100	0.100	0.100	0.700
>SGTCGCCG	1-SGTCGCCG	8.105545	-1346.076212	0	T:474.0(1.84%),B:1.6(0.06%),P:1e-584	Tpos:103.5,Tstd:55.1,Bpos:95.5,Bstd:1.7,StrandBias:0.0,Multiplicity:1.05
0.061	0.358	0.387	0.194
0.015	0.001	0.983	0.001
0.001	0.001	0.001	0.997
0.195	0.610	0.002	0.193
0.033	0.001	0.964	0.002
0.122	0.784	0.053	0.041
0.007	0.747	0.205	0.041
0.053	0.387	0.553	0.007
>GGAAGTGG	2-GGAAGTGG	5.236799	-1070.347383	0	T:13351.0(51.91%),B:915.5(37.73%),P:1e-464	Tpos:100.3,Tstd:52.6,Bpos:98.5,Bstd:65.2,StrandBias:-0.0,Multiplicity:1.51
0.113	0.001	0.692	0.194
0.013	0.128	0.858	0.001
0.651	0.001	0.172	0.176
0.549	0.124	0.085	0.242
0.001	0.106	0.892	0.001
0.062	0.075	0.015	0.848
0.199	0.001	0.624	0.176
0.001	0.166	0.727	0.106
>AGGGGGCA	3-AGGGGGCA	5.132580	-923.268632	0	T:9353.0(36.37%),B:591.6(24.38%),P:1e-400	Tpos:100.0,Tstd:50.6,Bpos:101.6,Bstd:73.1,StrandBias:-0.0,Multiplicity:1.28
0.755	0.129	0.049	0.067
0.119	0.065	0.787	0.029
0.090	0.082	0.690	0.138
0.095	0.137	0.727	0.041
0.057	0.082	0.800	0.061
0.104	0.065	0.796	0.035
0.063	0.716	0.120	0.101
0.728	0.088	0.112	0.072
>CGGCCCGG	4-CGGCCCGG	8.258100	-854.907725	0	T:792.0(3.08%),B:11.8(0.49%),P:1e-371	Tpos:100.5,Tstd:56.6,Bpos:90.2,Bstd:17.1,StrandBias:0.1,Multiplicity:1.05
0.001	0.997	0.001	0.001
0.001	0.001	0.997	0.001
0.001	0.001	0.997	0.001
0.001	0.693	0.305	0.001
0.107	0.891	0.001	0.001
0.001	0.997	0.001	0.001
0.001	0.001	0.904	0.094
0.001	0.001	0.889	0.109
>CGCTCGCG	5-CGCTCGCG	7.499444	-779.865734	0	T:1873.0(7.28%),B:62.9(2.59%),P:1e-338	Tpos:99.7,Tstd:50.1,Bpos:102.2,Bstd:70.4,StrandBias:0.0,Multiplicity:1.16
0.173	0.825	0.001	0.001
0.044	0.001	0.954	0.001
0.001	0.908	0.090	0.001
0.093	0.045	0.049	0.813
0.007	0.897	0.083	0.013
0.041	0.001	0.888	0.070
0.029	0.969	0.001	0.001
0.120	0.085	0.780	0.015
>CGTCACGT	6-CGTCACGT	7.154777	-654.691602	0	T:1164.0(4.53%),B:31.2(1.28%),P:1e-284	Tpos:99.6,Tstd:45.8,Bpos:122.7,Bstd:56.5,StrandBias:-0.1,Multiplicity:1.08
0.072	0.777	0.034	0.117
0.118	0.091	0.728	0.063
0.011	0.001	0.051	0.937
0.001	0.949	0.048	0.002
0.987	0.011	0.001	0.001
0.001	0.950	0.048	0.001
0.001	0.009	0.956	0.034
0.108	0.011	0.085	0.796
>CTTTGATG	7-CTTTGATG	8.236954	-602.649082	0	T:330.0(1.28%),B:2.8(0.12%),P:1e-261	Tpos:105.9,Tstd:49.2,Bpos:92.2,Bstd:47.3,StrandBias:0.1,Multiplicity:1.02
0.100	0.700	0.100	0.100
0.100	0.100	0.100	0.700
0.100	0.100	0.100	0.700
0.100	0.100	0.100	0.700
0.100	0.100	0.700	0.100
0.700	0.100	0.100	0.100
0.100	0.100	0.100	0.700
0.100	0.100	0.700	0.100
>AGCGCGCG	8-AGCGCGCG	9.824528	-590.913486	0	T:591.0(2.30%),B:9.2(0.38%),P:1e-256	Tpos:100.7,Tstd:49.3,Bpos:83.0,Bstd:60.4,StrandBias:0.1,Multiplicity:1.04
0.997	0.001	0.001	0.001
0.001	0.001	0.997	0.001
0.001	0.997	0.001	0.001
0.001	0.001	0.997	0.001
0.001	0.710	0.001	0.288
0.001	0.001	0.997	0.001
0.001	0.997	0.001	0.001
0.001	0.001	0.997	0.001
>CGRCGTAA	9-CGRCGTAA	8.915364	-586.152063	0	T:324.0(1.26%),B:2.5(0.10%),P:1e-254	Tpos:95.4,Tstd:47.4,Bpos:114.0,Bstd:0.0,StrandBias:0.0,Multiplicity:1.02
0.001	0.997	0.001	0.001
0.001	0.001	0.997	0.001
0.497	0.001	0.501	0.001
0.001	0.997	0.001	0.001
0.001	0.001	0.997	0.001
0.001	0.001	0.357	0.641
0.997	0.001	0.001	0.001
0.650	0.001	0.001	0.348
>GCCTCCTC	10-GCCTCCTC	8.195517	-580.076635	0	T:2161.0(8.40%),B:91.7(3.78%),P:1e-251	Tpos:100.1,Tstd:56.4,Bpos:100.5,Bstd:62.3,StrandBias:0.0,Multiplicity:1.28
0.001	0.001	0.790	0.208
0.001	0.902	0.001	0.096
0.001	0.997	0.001	0.001
0.001	0.001	0.001	0.997
0.164	0.834	0.001	0.001
0.113	0.885	0.001	0.001
0.001	0.001	0.001	0.997
0.001	0.997	0.001	0.001
>CGCGGCGA	11-CGCGGCGA	8.531541	-568.098708	0	T:448.0(1.74%),B:5.2(0.22%),P:1e-246	Tpos:96.4,Tstd:54.8,Bpos:68.9,Bstd:17.1,StrandBias:-0.0,Multiplicity:1.03
0.001	0.997	0.001	0.001
0.001	0.001	0.873	0.125
0.001	0.997	0.001	0.001
0.001	0.354	0.644	0.001
0.001	0.001	0.976	0.022
0.001	0.997	0.001	0.001
0.001	0.001	0.997	0.001
0.997	0.001	0.001	0.001
>CCTGCGCC	12-CCTGCGCC	8.330672	-543.282239	0	T:1269.0(4.93%),B:41.2(1.70%),P:1e-235	Tpos:97.8,Tstd:49.6,Bpos:104.0,Bstd:69.3,StrandBias:0.0,Multiplicity:1.08
0.001	0.754	0.001	0.244
0.001	0.997	0.001	0.001
0.001	0.001	0.001	0.997
0.001	0.001	0.997	0.001
0.001	0.997	0.001	0.001
0.001	0.001	0.997	0.001
0.123	0.875	0.001	0.001
0.001	0.693	0.001	0.305
>CCTTTGAT	13-CCTTTGAT	6.291044	-514.719080	0	T:3933.0(15.29%),B:221.0(9.11%),P:1e-223	Tpos:99.8,Tstd:56.9,Bpos:98.6,Bstd:68.8,StrandBias:0.0,Multiplicity:1.10
0.100	0.700	0.100	0.100
0.100	0.700	0.100	0.100
0.100	0.100	0.100	0.700
0.100	0.100	0.100	0.700
0.100	0.100	0.100	0.700
0.100	0.100	0.700	0.100
0.700	0.100	0.100	0.100
0.100	0.100	0.100	0.700
>AGCGGCCG	14-AGCGGCCG	8.519047	-494.483060	0	T:668.0(2.60%),B:14.0(0.58%),P:1e-214	Tpos:100.0,Tstd:54.6,Bpos:77.8,Bstd:61.4,StrandBias:-0.1,Multiplicity:1.04
0.997	0.001	0.001	0.001
0.109	0.001	0.889	0.001
0.001	0.997	0.001	0.001
0.284	0.001	0.714	0.001
0.001	0.001	0.997	0.001
0.001	0.997	0.001	0.001
0.001	0.997	0.001	0.001
0.001	0.001	0.997	0.001
>GACGCCGG	15-GACGCCGG	8.763291	-425.673347	0	T:645.0(2.51%),B:15.2(0.63%),P:1e-184	Tpos:101.6,Tstd:54.9,Bpos:130.2,Bstd:62.9,StrandBias:0.0,Multiplicity:1.02
0.001	0.001	0.997	0.001
0.997	0.001	0.001	0.001
0.001	0.997	0.001	0.001
0.001	0.001	0.997	0.001
0.045	0.953	0.001	0.001
0.001	0.828	0.001	0.170
0.253	0.001	0.745	0.001
0.168	0.001	0.830	0.001
>CGGCTGCC	16-CGGCTGCC	9.257487	-424.002070	0	T:597.0(2.32%),B:13.8(0.57%),P:1e-184	Tpos:106.6,Tstd:53.1,Bpos:75.8,Bstd:43.4,StrandBias:0.1,Multiplicity:1.03
0.001	0.997	0.001	0.001
0.001	0.001	0.997	0.001
0.001	0.001	0.997	0.001
0.232	0.766	0.001	0.001
0.001	0.001	0.001	0.997
0.001	0.001	0.997	0.001
0.296	0.702	0.001	0.001
0.001	0.997	0.001	0.001
>GGCTCGGA	17-GGCTCGGA	9.397683	-407.242034	0	T:336.0(1.31%),B:4.4(0.18%),P:1e-176	Tpos:101.0,Tstd:56.7,Bpos:101.1,Bstd:79.0,StrandBias:-0.1,Multiplicity:1.01
0.001	0.001	0.997	0.001
0.082	0.001	0.916	0.001
0.001	0.962	0.001	0.036
0.001	0.001	0.001	0.997
0.001	0.997	0.001	0.001
0.001	0.001	0.997	0.001
0.001	0.212	0.786	0.001
0.997	0.001	0.001	0.001
>SAATKCGC	18-SAATKCGC	7.907268	-354.068875	0	T:502.0(1.95%),B:11.9(0.49%),P:1e-153	Tpos:99.3,Tstd:53.0,Bpos:77.7,Bstd:55.1,StrandBias:0.2,Multiplicity:1.01
0.001	0.418	0.470	0.111
0.982	0.001	0.001	0.016
0.903	0.001	0.001	0.095
0.273	0.001	0.001	0.725
0.030	0.230	0.431	0.309
0.001	0.997	0.001	0.001
0.059	0.001	0.938	0.002
0.094	0.904	0.001	0.001
>GAGCCCGG	19-GAGCCCGG	8.815575	-298.892827	0	T:727.0(2.83%),B:24.6(1.01%),P:1e-129	Tpos:97.2,Tstd:57.8,Bpos:106.8,Bstd:41.8,StrandBias:0.1,Multiplicity:1.03
0.001	0.001	0.997	0.001
0.997	0.001	0.001	0.001
0.001	0.001	0.997	0.001
0.001	0.853	0.001	0.145
0.001	0.722	0.001	0.276
0.001	0.997	0.001	0.001
0.001	0.001	0.997	0.001
0.001	0.001	0.997	0.001
>CGATTGGT	20-CGATTGGT	6.646474	-269.618691	0	T:198.0(0.77%),B:2.9(0.12%),P:1e-117	Tpos:103.1,Tstd:48.7,Bpos:126.8,Bstd:26.2,StrandBias:0.0,Multiplicity:1.03
0.001	0.997	0.001	0.001
0.001	0.001	0.997	0.001
0.997	0.001	0.001	0.001
0.001	0.001	0.001	0.997
0.001	0.001	0.001	0.997
0.001	0.001	0.997	0.001
0.012	0.001	0.986	0.001
0.001	0.001	0.001	0.997
>GGAACAGT	21-GGAACAGT	9.827994	-269.095872	0	T:295.0(1.15%),B:5.4(0.22%),P:1e-116	Tpos:100.5,Tstd:56.1,Bpos:102.0,Bstd:57.4,StrandBias:-0.2,Multiplicity:1.01
0.001	0.001	0.997	0.001
0.001	0.001	0.997	0.001
0.997	0.001	0.001	0.001
0.709	0.289	0.001	0.001
0.001	0.997	0.001	0.001
0.997	0.001	0.001	0.001
0.001	0.001	0.997	0.001
0.001	0.001	0.001	0.997
>GCGAGCAG	22-GCGAGCAG	9.563711	-237.417771	0	T:374.0(1.45%),B:9.0(0.37%),P:1e-103	Tpos:95.0,Tstd:55.4,Bpos:120.1,Bstd:35.3,StrandBias:-0.3,Multiplicity:1.02
0.001	0.001	0.997	0.001
0.001	0.997	0.001	0.001
0.001	0.001	0.997	0.001
0.997	0.001	0.001	0.001
0.078	0.001	0.854	0.067
0.001	0.946	0.001	0.052
0.997	0.001	0.001	0.001
0.001	0.273	0.725	0.001
>CCCGCGGG	23-CCCGCGGG	8.236954	-223.651048	0	T:177.0(0.69%),B:2.9(0.12%),P:1e-97	Tpos:101.6,Tstd:54.1,Bpos:129.6,Bstd:52.1,StrandBias:0.0,Multiplicity:1.01
0.100	0.700	0.100	0.100
0.100	0.700	0.100	0.100
0.100	0.700	0.100	0.100
0.100	0.100	0.700	0.100
0.100	0.700	0.100	0.100
0.100	0.100	0.700	0.100
0.100	0.100	0.700	0.100
0.100	0.100	0.700	0.100
>AACCCTTC	24-AACCCTTC	8.236954	-202.623077	0	T:167.0(0.65%),B:2.6(0.11%),P:1e-87	Tpos:104.0,Tstd:57.2,Bpos:111.9,Bstd:21.8,StrandBias:0.1,Multiplicity:1.02
0.700	0.100	0.100	0.100
0.700	0.100	0.100	0.100
0.100	0.700	0.100	0.100
0.100	0.700	0.100	0.100
0.100	0.700	0.100	0.100
0.100	0.100	0.100	0.700
0.100	0.100	0.100	0.700
0.100	0.700	0.100	0.100
>GGCACGCC	25-GGCACGCC	10.716924	-86.173908	0	T:210.0(0.82%),B:7.2(0.30%),P:1e-37	Tpos:103.7,Tstd:51.3,Bpos:100.4,Bstd:39.2,StrandBias:0.2,Multiplicity:1.00
0.001	0.001	0.997	0.001
0.001	0.001	0.997	0.001
0.001	0.997	0.001	0.001
0.997	0.001	0.001	0.001
0.001	0.997	0.001	0.001
0.001	0.001	0.997	0.001
0.001	0.703	0.295	0.001
0.001	0.997	0.001	0.001
